source (id) | destination (hex, one_hot/multi_hot) | data amount (bytes)
2 0000000000000001 175104
2 0000000000000080 174592
2 0000000000000100 174592
1 000000000000027C 175104
1 0000000000007C04 175104
1 00000000003E0004 174080
3 0000000000400000 28700
3 0000000002000000 28700
3 0000000004000000 27880
3 0000000008000000 27880
3 0000000010000000 27060
4 0000000000400000 28665
4 0000000002000000 28665
4 0000000004000000 27846
4 0000000008000000 27846
4 0000000010000000 27027
5 0000000000400000 28665
5 0000000002000000 28665
5 0000000004000000 27846
5 0000000008000000 27846
5 0000000010000000 27027
6 0000000000400000 28665
6 0000000002000000 28665
6 0000000004000000 27846
6 0000000008000000 27846
6 0000000010000000 27027
9 0000000000400000 28665
9 0000000002000000 28665
9 0000000004000000 27846
9 0000000008000000 27846
9 0000000010000000 27027
10 0000000010000000 820
10 0000000020000000 27880
10 0000000040000000 27880
10 0000000200000000 27880
10 0000000400000000 27880
10 0000000800000000 27880
11 0000000010000000 819
11 0000000020000000 27846
11 0000000040000000 27846
11 0000000200000000 27846
11 0000000400000000 27846
11 0000000800000000 27846
12 0000000010000000 819
12 0000000020000000 27846
12 0000000040000000 27846
12 0000000200000000 27846
12 0000000400000000 27846
12 0000000800000000 27846
13 0000000010000000 819
13 0000000020000000 27846
13 0000000040000000 27846
13 0000000200000000 27846
13 0000000400000000 27846
13 0000000800000000 27846
14 0000000010000000 819
14 0000000020000000 27846
14 0000000040000000 27846
14 0000000200000000 27846
14 0000000400000000 27846
14 0000000800000000 27846
17 0000001000000000 27880
17 0000002000000000 27880
17 0000004000000000 27880
17 0000020000000000 27880
17 0000040000000000 27880
18 0000001000000000 27846
18 0000002000000000 27846
18 0000004000000000 27846
18 0000020000000000 27846
18 0000040000000000 27846
19 0000001000000000 27846
19 0000002000000000 27846
19 0000004000000000 27846
19 0000020000000000 27846
19 0000040000000000 27846
20 0000001000000000 27846
20 0000002000000000 27846
20 0000004000000000 27846
20 0000020000000000 27846
20 0000040000000000 27846
21 0000001000000000 27846
21 0000002000000000 27846
21 0000004000000000 27846
21 0000020000000000 27846
21 0000040000000000 27846
22 0000000000000004 35840
25 0000000000000004 35840
26 0000000000000004 34816
27 0000000000000004 34816
28 0000000000000004 34816
29 0000000000000004 34816
30 0000000000000004 34816
33 0000000000000004 34816
34 0000000000000004 34816
35 0000000000000004 34816
36 0000000000000004 34816
37 0000000000000004 34816
38 0000000000000004 34816
41 0000000000000004 34816
42 0000000000000004 34816
0 0000780000000000 175104
7 0000780000000000 175104
8 0000780000000000 174080
43 0000000000000002 131072
44 0000000000000002 131072
45 0000000000000002 131072
46 0000000000000002 131072
0 0000000000000002 175104
7 0000000000000002 175104
8 0000000000000002 174080
