source (id) | destination (hex, one_hot/multi_hot) | data amount (bytes)
24 0000000000000002 12654
24 0000000000000004 12654
24 0000000000000008 12654
24 0000000000000010 12654
24 0000000000000020 12654
24 0000000000000040 12654
24 0000000000000200 12654
24 0000000000000400 12654
24 0000000000000800 12312
24 0000000000001000 12312
24 0000000000002000 12312
24 0000000000004000 12312
24 0000000000020000 12312
24 0000000000040000 12312
31 0000000000000002 12617
31 0000000000000004 12617
31 0000000000000008 12617
31 0000000000000010 12617
31 0000000000000020 12617
31 0000000000000040 12617
31 0000000000000200 12617
31 0000000000000400 12617
31 0000000000000800 12276
31 0000000000001000 12276
31 0000000000002000 12276
31 0000000000004000 12276
31 0000000000020000 12276
31 0000000000040000 12276
32 0000000000000002 12617
32 0000000000000004 12617
32 0000000000000008 12617
32 0000000000000010 12617
32 0000000000000020 12617
32 0000000000000040 12617
32 0000000000000200 12617
32 0000000000000400 12617
32 0000000000000800 12276
32 0000000000001000 12276
32 0000000000002000 12276
32 0000000000004000 12276
32 0000000000020000 12276
32 0000000000040000 12276
19 0000000000000001 37888
20 0000000000000001 37888
21 0000000000000001 37888
22 0000000000000001 37888
25 0000000000000001 23552
25 0000000000000080 14336
26 0000000000000080 37888
27 0000000000000080 37888
28 0000000000000080 37888
29 0000000000000080 36864
30 0000000000000080 10240
30 0000000000000100 26624
33 0000000000000100 36864
34 0000000000000100 36864
35 0000000000000100 36864
36 0000000000000100 36864
1 0000002000000000 37888
1 0000004000000000 37888
1 0000020000000000 37888
1 0000040000000000 37888
1 0000080000000000 37888
1 0000100000000000 37888
1 0000200000000000 37888
1 0000400000000000 37888
2 0000002000000000 37888
2 0000004000000000 37888
2 0000020000000000 37888
2 0000040000000000 37888
2 0000080000000000 37888
2 0000100000000000 37888
2 0000200000000000 37888
2 0000400000000000 37888
3 0000002000000000 37888
3 0000004000000000 37888
3 0000020000000000 37888
3 0000040000000000 37888
3 0000080000000000 37888
3 0000100000000000 37888
3 0000200000000000 37888
3 0000400000000000 37888
4 0000002000000000 37888
4 0000004000000000 37888
4 0000020000000000 37888
4 0000040000000000 37888
4 0000080000000000 37888
4 0000100000000000 37888
4 0000200000000000 37888
4 0000400000000000 37888
5 0000002000000000 37888
5 0000004000000000 37888
5 0000020000000000 37888
5 0000040000000000 37888
5 0000080000000000 37888
5 0000100000000000 37888
5 0000200000000000 37888
5 0000400000000000 37888
6 0000002000000000 37888
6 0000004000000000 37888
6 0000020000000000 37888
6 0000040000000000 37888
6 0000080000000000 37888
6 0000100000000000 37888
6 0000200000000000 37888
6 0000400000000000 37888
9 0000002000000000 37888
9 0000004000000000 37888
9 0000020000000000 37888
9 0000040000000000 37888
9 0000080000000000 37888
9 0000100000000000 37888
9 0000200000000000 37888
9 0000400000000000 37888
10 0000002000000000 37888
10 0000004000000000 37888
10 0000020000000000 37888
10 0000040000000000 37888
10 0000080000000000 37888
10 0000100000000000 37888
10 0000200000000000 37888
10 0000400000000000 37888
11 0000002000000000 36864
11 0000004000000000 36864
11 0000020000000000 36864
11 0000040000000000 36864
11 0000080000000000 36864
11 0000100000000000 36864
11 0000200000000000 36864
11 0000400000000000 36864
12 0000002000000000 36864
12 0000004000000000 36864
12 0000020000000000 36864
12 0000040000000000 36864
12 0000080000000000 36864
12 0000100000000000 36864
12 0000200000000000 36864
12 0000400000000000 36864
13 0000002000000000 36864
13 0000004000000000 36864
13 0000020000000000 36864
13 0000040000000000 36864
13 0000080000000000 36864
13 0000100000000000 36864
13 0000200000000000 36864
13 0000400000000000 36864
14 0000002000000000 36864
14 0000004000000000 36864
14 0000020000000000 36864
14 0000040000000000 36864
14 0000080000000000 36864
14 0000100000000000 36864
14 0000200000000000 36864
14 0000400000000000 36864
17 0000002000000000 36864
17 0000004000000000 36864
17 0000020000000000 36864
17 0000040000000000 36864
17 0000080000000000 36864
17 0000100000000000 36864
17 0000200000000000 36864
17 0000400000000000 36864
18 0000002000000000 36864
18 0000004000000000 36864
18 0000020000000000 36864
18 0000040000000000 36864
18 0000080000000000 36864
18 0000100000000000 36864
18 0000200000000000 36864
18 0000400000000000 36864
15 0000000000067E7E 175104
16 0000000000067E7E 174592
23 0000000000067E7E 174592
37 0000000000080000 303104
37 0000000000100000 221184
38 0000000000100000 81920
38 0000000000200000 303104
38 0000000000400000 139264
41 0000000000400000 163840
41 0000000002000000 303104
41 0000000004000000 57344
42 0000000004000000 245760
42 0000000008000000 278528
43 0000000008000000 24576
43 0000000010000000 303104
43 0000000020000000 196608
44 0000000020000000 98304
44 0000000040000000 294912
44 0000000200000000 131072
45 0000000200000000 163840
45 0000000400000000 294912
45 0000000800000000 65536
46 0000000800000000 229376
46 0000001000000000 294912
39 0000001E7E780000 175104
40 0000001E7E780000 175104
47 0000001E7E780000 174080
