source (id) | destination (hex, one_hot/multi_hot) | data amount (bytes)
24 0000000000000002 18944
24 0000000000000004 18944
24 0000000000000008 18944
24 0000000000000010 18944
24 0000000000000020 11776
31 0000000000000020 7168
31 0000000000000040 18944
31 0000000000000200 18944
31 0000000000000400 18944
31 0000000000000800 18432
31 0000000000001000 5120
32 0000000000001000 13312
32 0000000000002000 18432
32 0000000000004000 18432
32 0000000000020000 18432
32 0000000000040000 18432
19 0000000000000001 18944
20 0000000000000001 18944
21 0000000000000001 18944
22 0000000000000001 18944
25 0000000000000001 11776
25 0000000000000080 7168
26 0000000000000080 18944
27 0000000000000080 18944
28 0000000000000080 18944
29 0000000000000080 18432
30 0000000000000080 5120
30 0000000000000100 13312
33 0000000000000100 18432
34 0000000000000100 18432
35 0000000000000100 18432
36 0000000000000100 18432
1 0000002000000000 18944
1 0000004000000000 18944
1 0000020000000000 18944
1 0000040000000000 18944
1 0000080000000000 18944
1 0000100000000000 18944
1 0000200000000000 18944
1 0000400000000000 18944
2 0000002000000000 18944
2 0000004000000000 18944
2 0000020000000000 18944
2 0000040000000000 18944
2 0000080000000000 18944
2 0000100000000000 18944
2 0000200000000000 18944
2 0000400000000000 18944
3 0000002000000000 18944
3 0000004000000000 18944
3 0000020000000000 18944
3 0000040000000000 18944
3 0000080000000000 18944
3 0000100000000000 18944
3 0000200000000000 18944
3 0000400000000000 18944
4 0000002000000000 18944
4 0000004000000000 18944
4 0000020000000000 18944
4 0000040000000000 18944
4 0000080000000000 18944
4 0000100000000000 18944
4 0000200000000000 18944
4 0000400000000000 18944
5 0000002000000000 18944
5 0000004000000000 18944
5 0000020000000000 18944
5 0000040000000000 18944
5 0000080000000000 18944
5 0000100000000000 18944
5 0000200000000000 18944
5 0000400000000000 18944
6 0000002000000000 18944
6 0000004000000000 18944
6 0000020000000000 18944
6 0000040000000000 18944
6 0000080000000000 18944
6 0000100000000000 18944
6 0000200000000000 18944
6 0000400000000000 18944
9 0000002000000000 18944
9 0000004000000000 18944
9 0000020000000000 18944
9 0000040000000000 18944
9 0000080000000000 18944
9 0000100000000000 18944
9 0000200000000000 18944
9 0000400000000000 18944
10 0000002000000000 18944
10 0000004000000000 18944
10 0000020000000000 18944
10 0000040000000000 18944
10 0000080000000000 18944
10 0000100000000000 18944
10 0000200000000000 18944
10 0000400000000000 18944
11 0000002000000000 18432
11 0000004000000000 18432
11 0000020000000000 18432
11 0000040000000000 18432
11 0000080000000000 18432
11 0000100000000000 18432
11 0000200000000000 18432
11 0000400000000000 18432
12 0000002000000000 18432
12 0000004000000000 18432
12 0000020000000000 18432
12 0000040000000000 18432
12 0000080000000000 18432
12 0000100000000000 18432
12 0000200000000000 18432
12 0000400000000000 18432
13 0000002000000000 18432
13 0000004000000000 18432
13 0000020000000000 18432
13 0000040000000000 18432
13 0000080000000000 18432
13 0000100000000000 18432
13 0000200000000000 18432
13 0000400000000000 18432
14 0000002000000000 18432
14 0000004000000000 18432
14 0000020000000000 18432
14 0000040000000000 18432
14 0000080000000000 18432
14 0000100000000000 18432
14 0000200000000000 18432
14 0000400000000000 18432
17 0000002000000000 18432
17 0000004000000000 18432
17 0000020000000000 18432
17 0000040000000000 18432
17 0000080000000000 18432
17 0000100000000000 18432
17 0000200000000000 18432
17 0000400000000000 18432
18 0000002000000000 18432
18 0000004000000000 18432
18 0000020000000000 18432
18 0000040000000000 18432
18 0000080000000000 18432
18 0000100000000000 18432
18 0000200000000000 18432
18 0000400000000000 18432
15 0000000000067E7E 87552
16 0000000000067E7E 87552
23 0000000000067E7E 87040
37 0000000000080000 75776
37 0000000000100000 75776
37 0000000000200000 75776
37 0000000000400000 34816
38 0000000000400000 40960
38 0000000002000000 75776
38 0000000004000000 75776
38 0000000008000000 69632
41 0000000008000000 6144
41 0000000010000000 75776
41 0000000020000000 73728
41 0000000040000000 73728
41 0000000200000000 32768
42 0000000200000000 40960
42 0000000400000000 73728
42 0000000800000000 73728
42 0000001000000000 73728
43 0000000000080000 75776
43 0000000000100000 75776
43 0000000000200000 75776
43 0000000000400000 34816
44 0000000000400000 40960
44 0000000002000000 75776
44 0000000004000000 75776
44 0000000008000000 69632
45 0000000008000000 6144
45 0000000010000000 75776
45 0000000020000000 73728
45 0000000040000000 73728
45 0000000200000000 32768
46 0000000200000000 40960
46 0000000400000000 73728
46 0000000800000000 73728
46 0000001000000000 73728
39 0000001E7E780000 87552
40 0000001E7E780000 87552
47 0000001E7E780000 87040
