source (id) | destination (hex, one_hot/multi_hot) | data amount (bytes)
2 0000000001000000 16512
2 0000000080000000 13760
2 0000000100000000 13760
5 0000000001000000 16128
5 0000000080000000 13440
5 0000000100000000 13440
11 0000000001000000 16512
11 0000000080000000 13760
11 0000000100000000 13760
13 0000000001000000 16512
13 0000000080000000 13760
13 0000000100000000 13760
18 0000000001000000 16512
18 0000000080000000 13760
18 0000000100000000 13760
21 0000000001000000 16512
21 0000000080000000 13760
21 0000000100000000 13760
27 0000000001000000 16128
27 0000000080000000 13440
27 0000000100000000 13440
29 0000000001000000 16512
29 0000000080000000 13760
29 0000000100000000 13760
34 0000000001000000 16128
34 0000000080000000 13440
34 0000000100000000 13440
35 0000000001000000 16512
35 0000000080000000 13760
35 0000000100000000 13760
42 0000000001000000 16512
42 0000000080000000 13760
42 0000000100000000 13760
46 0000000001000000 16128
46 0000000080000000 13440
46 0000000100000000 13440
1 0000000000008000 65536
4 0000000000010000 32768
6 0000000000800000 32768
10 0000000000800000 32768
12 0000000000008000 65536
17 0000000000010000 32768
19 0000000000800000 32768
25 0000000000010000 65536
30 0000000000010000 32768
36 0000000000800000 32768
38 0000000000008000 65536
43 0000000000800000 32768
3 0000008000000000 21888
3 0000010000000000 21888
3 0000800000000000 21760
9 0000008000000000 10944
9 0000010000000000 10944
9 0000800000000000 10880
14 0000008000000000 10944
14 0000010000000000 10944
14 0000800000000000 10880
20 0000008000000000 10944
20 0000010000000000 10944
20 0000800000000000 10880
22 0000008000000000 10944
22 0000010000000000 10944
22 0000800000000000 10880
26 0000008000000000 10944
26 0000010000000000 10944
26 0000800000000000 10880
28 0000008000000000 21888
28 0000010000000000 21888
28 0000800000000000 21760
33 0000008000000000 10944
33 0000010000000000 10944
33 0000800000000000 10880
37 0000008000000000 10944
37 0000010000000000 10944
37 0000800000000000 10880
41 0000008000000000 21888
41 0000010000000000 21888
41 0000800000000000 21760
44 0000008000000000 10944
44 0000010000000000 10944
44 0000800000000000 10880
45 0000008000000000 21888
45 0000010000000000 21888
45 0000800000000000 21760
0 00003E72565A565A 44032
0 00003A72565A565E 44032
0 00003A72565A765A 44032
0 00003A7A565A565A 43008
7 00003A7A565A565A 1024
7 00003A72565A5E5A 44032
7 00003A72567A565A 44032
7 00003A72565E565A 44032
7 00003A72765A565A 41984
8 00003A72765A565A 2048
8 00007A72565A565A 43008
8 00003A72565A567A 43008
8 00003A725E5A565A 43008
8 00003A76565A565A 43008
