source (id) | destination (hex, one_hot/multi_hot) | data amount (bytes)
1 0000000001000000 21888
1 0000000080000000 10880
2 0000000001000000 21888
2 0000000080000000 10880
3 0000000001000000 10944
3 0000000080000000 5440
4 0000000001000000 10944
4 0000000080000000 5440
5 0000000001000000 10944
5 0000000080000000 5440
6 0000000001000000 10944
6 0000000080000000 5440
9 0000000080000000 11008
9 0000000100000000 21760
10 0000000080000000 11008
10 0000000100000000 21760
11 0000000080000000 5504
11 0000000100000000 10880
12 0000000080000000 5504
12 0000000100000000 10880
13 0000000080000000 5504
13 0000000100000000 10880
14 0000000080000000 5504
14 0000000100000000 10880
17 0000000000008000 32768
18 0000000000008000 16384
18 0000000000010000 16384
19 0000000000010000 16384
20 0000000000010000 16384
21 0000000000800000 16384
22 0000000000800000 16384
25 0000000000008000 32768
26 0000000000008000 16384
26 0000000000010000 16384
27 0000000000010000 16384
28 0000000000010000 16384
29 0000000000800000 16384
30 0000000000800000 16384
33 0000008000000000 24576
34 0000010000000000 24576
35 0000800000000000 16384
36 0000008000000000 24576
37 0000010000000000 24576
38 0000800000000000 16384
41 0000008000000000 24576
42 0000010000000000 24576
43 0000800000000000 16384
44 0000008000000000 24576
45 0000010000000000 24576
46 0000800000000000 16384
0 0000000E007E007E 21888
0 00000070007E007E 21888
0 00000E007E007E00 21888
0 000070007E007E00 21888
7 0000000E007E007E 21888
7 00000070007E007E 21888
7 00000E007E007E00 21888
7 000070007E007E00 21888
8 0000000E007E007E 21760
8 00000070007E007E 21760
8 00000E007E007E00 21760
8 000070007E007E00 21760
