source (id) | destination (hex, one_hot/multi_hot) | data amount (bytes)
4 0000000000000001 175104
4 0000000000000080 174592
4 0000000000000100 174592
22 0000402000002034 175104
22 0000000810280810 175104
22 0000040428040010 174080
2 0000000000000002 28665
2 0000004000000000 28665
2 0000000000001000 27846
2 0000000002000000 27846
2 0000000040000000 27027
5 0000000000000002 28665
5 0000004000000000 28665
5 0000000000001000 27846
5 0000000002000000 27846
5 0000000040000000 27027
11 0000000040000000 819
11 0000000000020000 27846
11 0000080000000000 27846
11 0000000000000040 27846
11 0000001000000000 27846
11 0000000000000400 27846
13 0000000000000002 28665
13 0000004000000000 28665
13 0000000000001000 27846
13 0000000002000000 27846
13 0000000040000000 27027
18 0000020000000000 27880
18 0000000000000008 27880
18 0000200000000000 27880
18 0000000000000200 27880
18 0000000200000000 27880
19 0000000040000000 819
19 0000000000020000 27846
19 0000080000000000 27846
19 0000000000000040 27846
19 0000001000000000 27846
19 0000000000000400 27846
21 0000000040000000 819
21 0000000000020000 27846
21 0000080000000000 27846
21 0000000000000040 27846
21 0000001000000000 27846
21 0000000000000400 27846
27 0000020000000000 27846
27 0000000000000008 27846
27 0000200000000000 27846
27 0000000000000200 27846
27 0000000200000000 27846
28 0000000040000000 820
28 0000000000020000 27880
28 0000080000000000 27880
28 0000000000000040 27880
28 0000001000000000 27880
28 0000000000000400 27880
29 0000020000000000 27846
29 0000000000000008 27846
29 0000200000000000 27846
29 0000000000000200 27846
29 0000000200000000 27846
34 0000020000000000 27846
34 0000000000000008 27846
34 0000200000000000 27846
34 0000000000000200 27846
34 0000000200000000 27846
35 0000000040000000 819
35 0000000000020000 27846
35 0000080000000000 27846
35 0000000000000040 27846
35 0000001000000000 27846
35 0000000000000400 27846
37 0000000000000002 28700
37 0000004000000000 28700
37 0000000000001000 27880
37 0000000002000000 27880
37 0000000040000000 27060
42 0000020000000000 27846
42 0000000000000008 27846
42 0000200000000000 27846
42 0000000000000200 27846
42 0000000200000000 27846
46 0000000000000002 28665
46 0000004000000000 28665
46 0000000000001000 27846
46 0000000002000000 27846
46 0000000040000000 27027
1 0000000000000010 35840
3 0000000000000010 34816
6 0000000000000010 34816
9 0000000000000010 34816
10 0000000000000010 34816
12 0000000000000010 34816
17 0000000000000010 34816
25 0000000000000010 34816
30 0000000000000010 34816
33 0000000000000010 34816
36 0000000000000010 34816
38 0000000000000010 35840
41 0000000000000010 34816
43 0000000000000010 34816
45 0000000000000010 34816
0 0000100004104000 175104
7 0000100004104000 175104
8 0000100004104000 174080
14 0000000000400000 131072
20 0000000000400000 131072
26 0000000000400000 131072
44 0000000000400000 131072
0 0000000000400000 175104
7 0000000000400000 175104
8 0000000000400000 174080
