source (id) | destination (hex, one_hot) | data amount (bytes)
1 0000000001000000 21888
1 0000000080000000 10880
2 0000000001000000 21888
2 0000000080000000 10880
3 0000000001000000 10944
3 0000000080000000 5440
4 0000000001000000 10944
4 0000000080000000 5440
5 0000000001000000 10944
5 0000000080000000 5440
6 0000000001000000 10944
6 0000000080000000 5440
9 0000000080000000 11008
9 0000000100000000 21760
10 0000000080000000 11008
10 0000000100000000 21760
11 0000000080000000 5504
11 0000000100000000 10880
12 0000000080000000 5504
12 0000000100000000 10880
13 0000000080000000 5504
13 0000000100000000 10880
14 0000000080000000 5504
14 0000000100000000 10880
17 0000000000008000 32768
18 0000000000008000 11008
18 0000000000010000 21760
19 0000000000010000 16384
20 0000000000010000 5632
20 0000000000800000 10752
21 0000000000800000 16384
22 0000000000800000 16384
25 0000000000008000 32768
26 0000000000008000 11008
26 0000000000010000 21760
27 0000000000010000 16384
28 0000000000010000 5632
28 0000000000800000 10752
29 0000000000800000 16384
30 0000000000800000 16384
33 0000008000000000 21888
33 0000010000000000 2688
34 0000010000000000 19200
34 0000800000000000 5376
35 0000800000000000 16384
36 0000008000000000 21888
36 0000010000000000 2688
37 0000010000000000 19200
37 0000800000000000 5376
38 0000800000000000 16384
41 0000008000000000 21888
41 0000010000000000 2688
42 0000010000000000 19200
42 0000800000000000 5376
43 0000800000000000 16384
44 0000008000000000 21888
44 0000010000000000 2688
45 0000010000000000 19200
45 0000800000000000 5376
46 0000800000000000 16384
0 000008222A2A2A2A 21888
0 000010442A2A2A2A 21888
0 0000220854545454 21888
0 0000441054545454 21888
7 000008222A2A2A2A 21888
7 000010442A2A2A2A 21888
7 0000220854545454 21888
7 0000441054545454 21888
8 000008222A2A2A2A 21760
8 000010442A2A2A2A 21760
8 0000220854545454 21760
8 0000441054545454 21760
