source (id) | destination (hex, one_hot/multi_hot) | data amount (bytes)
24 0000002000000000 12654
24 0000000000000400 12654
24 0000000000400000 12654
24 0000000000000020 12654
24 0000020000000000 12654
24 0000000000004000 12654
24 0000000010000000 12654
24 0000000000000002 12654
24 0000000200000000 12312
24 0000000000080000 12312
24 0000100000000000 12312
24 0000000000000800 12312
24 0000000000000004 12312
24 0000200000000000 12312
31 0000002000000000 12617
31 0000000000000400 12617
31 0000000000400000 12617
31 0000000000000020 12617
31 0000020000000000 12617
31 0000000000004000 12617
31 0000000010000000 12617
31 0000000000000002 12617
31 0000000200000000 12276
31 0000000000080000 12276
31 0000100000000000 12276
31 0000000000000800 12276
31 0000000000000004 12276
31 0000200000000000 12276
32 0000002000000000 12617
32 0000000000000400 12617
32 0000000000400000 12617
32 0000000000000020 12617
32 0000020000000000 12617
32 0000000000004000 12617
32 0000000010000000 12617
32 0000000000000002 12617
32 0000000200000000 12276
32 0000000000080000 12276
32 0000100000000000 12276
32 0000000000000800 12276
32 0000000000000004 12276
32 0000200000000000 12276
4 0000000000000001 37888
6 0000000000000080 37888
9 0000000000000100 36864
12 0000000000000001 37888
13 0000000000000100 36864
17 0000000000000080 36864
20 0000000000000001 23552
20 0000000000000080 14336
25 0000000000000100 36864
27 0000000000000001 37888
29 0000000000000080 37888
35 0000000000000001 37888
38 0000000000000080 10240
38 0000000000000100 26624
42 0000000000000080 37888
46 0000000000000100 36864
1 0000000040000000 37888
1 0000000000000008 37888
1 0000000000200000 37888
1 0000000400000000 37888
1 0000080000000000 37888
1 0000000004000000 37888
1 0000000000040000 37888
1 0000001000000000 37888
2 0000000040000000 36864
2 0000000000000008 36864
2 0000000000200000 36864
2 0000000400000000 36864
2 0000080000000000 36864
2 0000000004000000 36864
2 0000000000040000 36864
2 0000001000000000 36864
5 0000000040000000 37888
5 0000000000000008 37888
5 0000000000200000 37888
5 0000000400000000 37888
5 0000080000000000 37888
5 0000000004000000 37888
5 0000000000040000 37888
5 0000001000000000 37888
10 0000000040000000 37888
10 0000000000000008 37888
10 0000000000200000 37888
10 0000000400000000 37888
10 0000080000000000 37888
10 0000000004000000 37888
10 0000000000040000 37888
10 0000001000000000 37888
11 0000000040000000 36864
11 0000000000000008 36864
11 0000000000200000 36864
11 0000000400000000 36864
11 0000080000000000 36864
11 0000000004000000 36864
11 0000000000040000 36864
11 0000001000000000 36864
14 0000000040000000 37888
14 0000000000000008 37888
14 0000000000200000 37888
14 0000000400000000 37888
14 0000080000000000 37888
14 0000000004000000 37888
14 0000000000040000 37888
14 0000001000000000 37888
19 0000000040000000 36864
19 0000000000000008 36864
19 0000000000200000 36864
19 0000000400000000 36864
19 0000080000000000 36864
19 0000000004000000 36864
19 0000000000040000 36864
19 0000001000000000 36864
22 0000000040000000 37888
22 0000000000000008 37888
22 0000000000200000 37888
22 0000000400000000 37888
22 0000080000000000 37888
22 0000000004000000 37888
22 0000000000040000 37888
22 0000001000000000 37888
28 0000000040000000 37888
28 0000000000000008 37888
28 0000000000200000 37888
28 0000000400000000 37888
28 0000080000000000 37888
28 0000000004000000 37888
28 0000000000040000 37888
28 0000001000000000 37888
33 0000000040000000 36864
33 0000000000000008 36864
33 0000000000200000 36864
33 0000000400000000 36864
33 0000080000000000 36864
33 0000000004000000 36864
33 0000000000040000 36864
33 0000001000000000 36864
37 0000000040000000 37888
37 0000000000000008 37888
37 0000000000200000 37888
37 0000000400000000 37888
37 0000080000000000 37888
37 0000000004000000 37888
37 0000000000040000 37888
37 0000001000000000 37888
41 0000000040000000 37888
41 0000000000000008 37888
41 0000000000200000 37888
41 0000000400000000 37888
41 0000080000000000 37888
41 0000000004000000 37888
41 0000000000040000 37888
41 0000001000000000 37888
44 0000000040000000 36864
44 0000000000000008 36864
44 0000000000200000 36864
44 0000000400000000 36864
44 0000080000000000 36864
44 0000000004000000 36864
44 0000000000040000 36864
44 0000001000000000 36864
45 0000000040000000 36864
45 0000000000000008 36864
45 0000000000200000 36864
45 0000000400000000 36864
45 0000080000000000 36864
45 0000000004000000 36864
45 0000000000040000 36864
45 0000001000000000 36864
15 0000322210484C26 175104
16 0000322210484C26 174592
23 0000322210484C26 174592
3 0000000008000000 81920
3 0000000000000010 303104
3 0000000800000000 139264
18 0000000002000000 163840
18 0000000000000200 294912
18 0000400000000000 65536
21 0000000800000000 163840
21 0000000000100000 303104
21 0000040000000000 57344
26 0000000000020000 98304
26 0000004000000000 294912
26 0000000002000000 131072
30 0000000000001000 303104
30 0000000008000000 221184
34 0000040000000000 245760
34 0000000000000040 278528
36 0000400000000000 229376
36 0000000000002000 294912
43 0000000000000040 24576
43 0000000020000000 303104
43 0000000000020000 196608
39 000044482A123250 175104
40 000044482A123250 175104
47 000044482A123250 174080
