source (id) | destination (hex, one_hot/multi_hot) | data amount (bytes)
3 0000000000000001 43776
3 0000000000000080 43776
3 0000000000000100 43520
4 0000000000000001 43776
4 0000000000000080 43776
4 0000000000000100 43520
1 0000000000000028 9472
1 0000000000000048 9472
1 0000000000000208 9472
1 0000000000000408 9472
1 0000000000000808 9472
1 0000000000001008 9472
1 0000000000002008 9472
1 0000000000004008 9472
1 0000000000020008 9216
1 0000000000040008 9216
1 0000000000080008 9216
1 0000000000100008 9216
1 0000000000200008 9216
1 0000000000400008 9216
2 0000000000000030 9472
2 0000000000000050 9472
2 0000000000000210 9472
2 0000000000000410 9472
2 0000000000000810 9472
2 0000000000001010 9472
2 0000000000002010 9472
2 0000000000004010 9472
2 0000000000020010 9216
2 0000000000040010 9216
2 0000000000080010 9216
2 0000000000100010 9216
2 0000000000200010 9216
2 0000000000400010 9216
5 000000027E000000 75776
6 000000027E000000 75776
9 000000027E000000 75776
10 000000027E000000 75776
11 000000027E000000 75776
12 000000027E000000 75776
13 000000027E000000 69632
13 0000067C00000000 6144
14 0000067C00000000 75776
17 0000067C00000000 73728
18 0000067C00000000 73728
19 0000067C00000000 73728
20 0000067C00000000 73728
21 0000067C00000000 73728
22 0000067C00000000 73728
25 0000000000000008 18944
26 0000000000000008 18688
27 0000000000000008 18688
28 0000000000000008 9216
28 0000000000000010 9472
29 0000000000000010 18688
30 0000000000000010 18688
33 0000000000000010 18688
34 0000000000000008 18944
35 0000000000000008 18688
36 0000000000000008 18688
37 0000000000000008 9216
37 0000000000000010 9472
38 0000000000000010 18688
41 0000000000000010 18688
42 0000000000000010 18688
0 0000180000000000 87552
7 0000180000000000 43520
7 0000600000000000 44032
8 0000600000000000 87040
43 0000000000000002 65536
44 0000000000000004 65536
45 0000000000000002 65536
46 0000000000000004 65536
0 0000000000000002 87552
7 0000000000000002 43520
7 0000000000000004 44032
8 0000000000000004 87040
