source (id) | destination (hex, one_hot/multi_hot) | data amount (bytes)
1 0000000001000000 16512
1 0000000080000000 13760
1 0000000100000000 13760
2 0000000001000000 16512
2 0000000080000000 13760
2 0000000100000000 13760
3 0000000001000000 16512
3 0000000080000000 13760
3 0000000100000000 13760
4 0000000001000000 16512
4 0000000080000000 13760
4 0000000100000000 13760
5 0000000001000000 16512
5 0000000080000000 13760
5 0000000100000000 13760
6 0000000001000000 16512
6 0000000080000000 13760
6 0000000100000000 13760
9 0000000001000000 16512
9 0000000080000000 13760
9 0000000100000000 13760
10 0000000001000000 16512
10 0000000080000000 13760
10 0000000100000000 13760
11 0000000001000000 16128
11 0000000080000000 13440
11 0000000100000000 13440
12 0000000001000000 16128
12 0000000080000000 13440
12 0000000100000000 13440
13 0000000001000000 16128
13 0000000080000000 13440
13 0000000100000000 13440
14 0000000001000000 16128
14 0000000080000000 13440
14 0000000100000000 13440
17 0000000000008000 65536
18 0000000000008000 65536
19 0000000000008000 65536
20 0000000000010000 65536
21 0000000000010000 32768
22 0000000000010000 32768
25 0000000000010000 32768
26 0000000000800000 32768
27 0000000000800000 32768
28 0000000000800000 32768
29 0000000000800000 32768
30 0000000000800000 32768
33 0000008000000000 21888
33 0000010000000000 21888
33 0000800000000000 21760
34 0000008000000000 21888
34 0000010000000000 21888
34 0000800000000000 21760
35 0000008000000000 21888
35 0000010000000000 21888
35 0000800000000000 21760
36 0000008000000000 21888
36 0000010000000000 21888
36 0000800000000000 21760
37 0000008000000000 10944
37 0000010000000000 10944
37 0000800000000000 10880
38 0000008000000000 10944
38 0000010000000000 10944
38 0000800000000000 10880
41 0000008000000000 10944
41 0000010000000000 10944
41 0000800000000000 10880
42 0000008000000000 10944
42 0000010000000000 10944
42 0000800000000000 10880
43 0000008000000000 10944
43 0000010000000000 10944
43 0000800000000000 10880
44 0000008000000000 10944
44 0000010000000000 10944
44 0000800000000000 10880
45 0000008000000000 10944
45 0000010000000000 10944
45 0000800000000000 10880
46 0000008000000000 10944
46 0000010000000000 10944
46 0000800000000000 10880
0 00007E7E7E7E0002 44032
0 00007E7E7E7E0004 44032
0 00007E7E7E7E0008 44032
0 00007E7E7E7E0010 43008
7 00007E7E7E7E0010 1024
7 00007E7E7E7E0020 44032
7 00007E7E7E7E0040 44032
7 00007E7E7E7E0200 44032
7 00007E7E7E7E0400 41984
8 00007E7E7E7E0400 2048
8 00007E7E7E7E0800 43008
8 00007E7E7E7E1000 43008
8 00007E7E7E7E2000 43008
8 00007E7E7E7E4000 43008
